ID,0007CB0942,0007CD38E5,0007CD81D3,0007CD86B3,0007CDC395,0007CDC91B,0007CDDBAF,0007CE0327
0007CB0942,0,1.04512277544166,0.707213625904361,0.276241831023341,0.834846758694941,0.898680203029203,1.32123306201559,2.98348454236777
0007CD38E5,1.04512277544166,0,1.51761014030174,1.4759412425037,0.541721010776319,1.1387750467357,1.01719469687412,0.705632842125384
0007CD81D3,0.707213625904361,1.51761014030174,0,1.70518179910342,0.470257768061237,0.621163064388626,1.11587243206753,1.41475145831544
0007CD86B3,0.276241831023341,1.4759412425037,1.70518179910342,0,1.03587937690995,0.966996540830914,1.4751690674397,0.894171155075483
0007CDC395,0.834846758694941,0.541721010776319,0.470257768061237,1.03587937690995,0,3.04467520150654,0.521389737888957,1.46730506781704
0007CDC91B,0.898680203029203,1.1387750467357,0.621163064388626,0.966996540830914,3.04467520150654,0,1.31456336475073,0.958707242343279
0007CDDBAF,1.32123306201559,1.01719469687412,1.11587243206753,1.4751690674397,0.521389737888957,1.31456336475073,0,0.793717049975531
0007CE0327,2.98348454236777,0.705632842125384,1.41475145831544,0.894171155075483,1.46730506781704,0.958707242343279,0.793717049975531,0
