ID,0007CB0942,0007CD38E5,0007CD81D3,0007CD86B3,0007CDC395,0007CDC91B,0007CDDBAF,0007CE0327
0007CB0942,0,0.415132768630701,0.309863750204602,0.745001293807331,4.13536277810134,1.3049578079608,1.26369447914164,1.34523448255297
0007CD38E5,0.415132768630701,0,1.12310750869722,1.47010660003314,1.35666630067788,1.4553287269796,1.1021185752526,0.970778914753011
0007CD81D3,0.309863750204602,1.12310750869722,0,1.30757328245167,0.703553724970616,1.05426832046317,0.910182003955287,2.34954397109449
0007CD86B3,0.745001293807331,1.47010660003314,1.30757328245167,0,0.895877843566645,0.896429758279365,1.77778776301685,0.799830903437093
0007CDC395,4.13536277810134,1.35666630067788,0.703553724970616,0.895877843566645,0,0.971553631743605,1.0936811816564,0.924861730892199
0007CDC91B,1.3049578079608,1.4553287269796,1.05426832046317,0.896429758279365,0.971553631743605,0,1.47045171486296,0.636143126037757
0007CDDBAF,1.26369447914164,1.1021185752526,0.910182003955287,1.77778776301685,1.0936811816564,1.47045171486296,0,0.365690001127978
0007CE0327,1.34523448255297,0.970778914753011,2.34954397109449,0.799830903437093,0.924861730892199,0.636143126037757,0.365690001127978,0
