ID,0007CB0942,0007CD38E5,0007CD81D3,0007CD86B3,0007CDC395,0007CDC91B,0007CDDBAF,0007CE0327
0007CB0942,0,2.04074074074074,1.41666666666667,2.39473684210526,1.23333333333333,1.46666666666667,1.85555555555556,1.80606060606061
0007CD38E5,2.04074074074074,0,2.39575371549894,2.85194174757282,1.51904761904762,1.76752136752137,2.06761904761905,2.42266666666667
0007CD81D3,1.41666666666667,2.39575371549894,0,2.61296296296296,1.99733333333333,1.98190476190476,2.09133333333333,1.70178571428571
0007CD86B3,2.39473684210526,2.85194174757282,2.61296296296296,0,2.01333333333333,2.15625,3.01220657276995,2.83393939393939
0007CDC395,1.23333333333333,1.51904761904762,1.99733333333333,2.01333333333333,0,1.59333333333333,2.44242424242424,1.375
0007CDC91B,1.46666666666667,1.76752136752137,1.98190476190476,2.15625,1.59333333333333,0,2.63636363636364,2.46944444444444
0007CDDBAF,1.85555555555556,2.06761904761905,2.09133333333333,3.01220657276995,2.44242424242424,2.63636363636364,0,1.67727272727273
0007CE0327,1.80606060606061,2.42266666666667,1.70178571428571,2.83393939393939,1.375,2.46944444444444,1.67727272727273,0
