ID,0007CB0A48,0007CB0AD4,0007CB2ED2,0007CB321B,0007CB39C9,0007CB464C,0007F2B770,0007F2B957,0007F2BA9B,0007F2CA05
0007CB0A48,0,29,53,6,8,20,10,12,10,25
0007CB0AD4,29,0,81,9,15,27,8,20,11,10
0007CB2ED2,53,81,0,0,55,25,10,22,29,24
0007CB321B,6,9,0,0,0,9,0,24,11,2
0007CB39C9,8,15,55,0,0,4,4,0,19,7
0007CB464C,20,27,25,9,4,0,11,10,5,13
0007F2B770,10,8,10,0,4,11,0,6,24,19
0007F2B957,12,20,22,24,0,10,6,0,14,6
0007F2BA9B,10,11,29,11,19,5,24,14,0,11
0007F2CA05,25,10,24,2,7,13,19,6,11,0
