ID,0007CB0CDD,0007CB0F67,0007CB48B4,0007CB6DFA,0007F29741,0007F2B88A,0007F2C687,0007F2EEFA,0007F2F26A,0007F2F283
0007CB0CDD,0,46,77,23,9,12,91,86,76,40
0007CB0F67,46,0,31,9,9,0,84,22,37,10
0007CB48B4,77,31,0,52,24,21,25,29,30,20
0007CB6DFA,23,9,52,0,15,19,10,4,29,9
0007F29741,9,9,24,15,0,0,9,0,0,0
0007F2B88A,12,0,21,19,0,0,11,6,15,17
0007F2C687,91,84,25,10,9,11,0,25,83,4
0007F2EEFA,86,22,29,4,0,6,25,0,17,27
0007F2F26A,76,37,30,29,0,15,83,17,0,41
0007F2F283,40,10,20,9,0,17,4,27,41,0
