ID,0007CB0CDD,0007CB0F67,0007CB48B4,0007CB6DFA,0007F29741,0007F2B88A,0007F2C687,0007F2EEFA,0007F2F26A,0007F2F283
0007CB0CDD,0,8,22,0,5,6,10,17,4,6
0007CB0F67,8,0,24,12,12,17,25,5,7,2
0007CB48B4,22,24,0,18,8,16,9,5,8,8
0007CB6DFA,0,12,18,0,7,3,5,0,4,5
0007F29741,5,12,8,7,0,2,6,7,0,3
0007F2B88A,6,17,16,3,2,0,10,2,6,9
0007F2C687,10,25,9,5,6,10,0,2,8,12
0007F2EEFA,17,5,5,0,7,2,2,0,0,11
0007F2F26A,4,7,8,4,0,6,8,0,0,26
0007F2F283,6,2,8,5,3,9,12,11,26,0
