ID,0007CB0942,0007CD38E5,0007CD81D3,0007CD86B3,0007CDC395,0007CDC91B,0007CDDBAF,0007CE0327
0007CB0942,0,0.969386377911852,0.919559712989599,0.76145973468628,1.05300358537719,1.57047550737254,0.506596938827494,2.86968932477369
0007CD38E5,0.969386377911852,0,1.43383146024229,2.27944689520051,0.356870644636811,0.751953012309899,0.809449699838584,0.821647140495918
0007CD81D3,0.919559712989599,1.43383146024229,0,1.51195626383192,1.06237238069859,0.536296847111949,1.34466045663544,1.55556711299391
0007CD86B3,0.76145973468628,2.27944689520051,1.51195626383192,0,0.565029884113366,0.761383583079129,1.06272604062703,1.10503097807438
0007CDC395,1.05300358537719,0.356870644636811,1.06237238069859,0.565029884113366,0,2.40105810010569,1.51818259469583,0.621501245800833
0007CDC91B,1.57047550737254,0.751953012309899,0.536296847111949,0.761383583079129,2.40105810010569,0,1.64730391025152,0.426865725859004
0007CDDBAF,0.506596938827494,0.809449699838584,1.34466045663544,1.06272604062703,1.51818259469583,1.64730391025152,0,1.03452639974972
0007CE0327,2.86968932477369,0.821647140495918,1.55556711299391,1.10503097807438,0.621501245800833,0.426865725859004,1.03452639974972,0
