ID,0007CB0942,0007CD38E5,0007CD81D3,0007CD86B3,0007CDC395,0007CDC91B,0007CDDBAF,0007CE0327
0007CB0942,0,0.977319271915802,0.388283096155755,0.526763941836266,4.74833561077655,0.376351438040637,0.272793461856765,2.50511222548097
0007CD38E5,0.977319271915802,0,1.26068173457885,1.45611141657802,0.614353577624118,1.16530781394,1.07544287757687,1.12708350834534
0007CD81D3,0.388283096155755,1.26068173457885,0,1.43558798987757,1.48095496345256,0.898111831802255,1.3902064048442,1.01988105249191
0007CD86B3,0.526763941836266,1.45611141657802,1.43558798987757,0,0.972203368447253,0.816949757388826,1.41373332892546,1.06798581690136
0007CDC395,4.74833561077655,0.614353577624118,1.48095496345256,0.972203368447253,0,1.23826599649638,0.643124950804852,0.281286098884259
0007CDC91B,0.376351438040637,1.16530781394,0.898111831802255,0.816949757388826,1.23826599649638,0,1.63837709684956,1.54408816923019
0007CDDBAF,0.272793461856765,1.07544287757687,1.3902064048442,1.41373332892546,0.643124950804852,1.63837709684956,0,0.918246288278937
0007CE0327,2.50511222548097,1.12708350834534,1.01988105249191,1.06798581690136,0.281286098884259,1.54408816923019,0.918246288278937,0
