ID,0007CB0942,0007CD38E5,0007CD81D3,0007CD86B3,0007CDC395,0007CDC91B,0007CDDBAF,0007CE0327
0007CB0942,0,0.506993179441893,1.26901859595999,0.825063887958063,1.12393239377631,2.25974197663839,0.578212143135616,1.27512906041396
0007CD38E5,0.506993179441893,0,1.04075243553413,1.49738321436022,0.563878995009624,1.06835051668122,1.26713553028258,1.37811538972195
0007CD81D3,1.26901859595999,1.04075243553413,0,2.08378444580699,0.657966761477128,0.670408512526423,0.746752183703601,1.58114295650454
0007CD86B3,0.825063887958063,1.49738321436022,2.08378444580699,0,0.938713775673633,0.548764219488332,1.13661597317792,0.84810195010385
0007CDC395,1.12393239377631,0.563878995009624,0.657966761477128,0.938713775673633,0,1.67923626824998,2.08816769167547,0.411812001106929
0007CDC91B,2.25974197663839,1.06835051668122,0.670408512526423,0.548764219488332,1.67923626824998,0,1.60699007248617,1.11038459716513
0007CDDBAF,0.578212143135616,1.26713553028258,0.746752183703601,1.13661597317792,2.08816769167547,1.60699007248617,0,1.08350894880644
0007CE0327,1.27512906041396,1.37811538972195,1.58114295650454,0.84810195010385,0.411812001106929,1.11038459716513,1.08350894880644,0
