ID,0007CA3A72,0007CB0B74,0007CB0DBC,0007CB2407,0007F2B3FF,0007F2B59E,0007F2B8A2,0007F2B9FC,0007F2E37E,0007F2ED4
0007CA3A72,0,25,14,23,5,29,23,4,23,9
0007CB0B74,25,0,24,8,8,29,16,10,21,13
0007CB0DBC,14,24,0,25,9,61,41,22,91,15
0007CB2407,23,8,25,0,17,18,21,11,26,37
0007F2B3FF,5,8,9,17,0,14,18,14,50,18
0007F2B59E,29,29,61,18,14,0,82,19,90,35
0007F2B8A2,23,16,41,21,18,82,0,44,66,40
0007F2B9FC,4,10,22,11,14,19,44,0,20,38
0007F2E37E,23,21,91,26,50,90,66,20,0,40
0007F2ED4,9,13,15,37,18,35,40,38,40,0
