ID,0007CA3A72,0007CB0B74,0007CB0DBC,0007CB2407,0007F2B3FF,0007F2B59E,0007F2B8A2,0007F2B9FC,0007F2E37E,0007F2E3D4
0007CA3A72,0,7,13,12,4,17,33,9,4,32
0007CB0B74,7,0,61,16,0,35,6,3,0,2
0007CB0DBC,13,61,0,27,8,68,48,37,154,18
0007CB2407,12,16,27,0,7,29,40,10,19,28
0007F2B3FF,4,0,8,7,0,22,3,32,36,4
0007F2B59E,17,35,68,29,22,0,63,28,29,20
0007F2B8A2,33,6,48,40,3,63,0,9,20,90
0007F2B9FC,9,3,37,10,32,28,9,0,16,100
0007F2E37E,4,0,154,19,36,29,20,16,0,8
0007F2E3D4,32,2,18,28,4,20,90,100,8,0
