ID,0007CB0CDD,0007CB0F67,0007CB48B4,0007CB6DFA,0007F29741,0007F2B88A,0007F2C687,0007F2EEFA,0007F2F26A,0007F2F283
0007CB0CDD,0,14,80,1,27,6,37,56,25,18
0007CB0F67,14,0,13,3,3,16,62,2,12,66
0007CB48B4,80,13,0,29,12,7,10,35,17,21
0007CB6DFA,1,3,29,0,36,3,7,3,6,89
0007F29741,27,3,12,36,0,7,33,29,18,8
0007F2B88A,6,16,7,3,7,0,61,13,43,3
0007F2C687,37,62,10,7,33,61,0,13,80,12
0007F2EEFA,56,2,35,3,29,13,13,0,5,7
0007F2F26A,25,12,17,6,18,43,80,5,0,91
0007F2F283,18,66,21,89,8,3,12,7,91,0
