ID,0007CA3A72,0007CB0B74,0007CB0DBC,0007CB2407,0007F2B3FF,0007F2B59E,0007F2B8A2,0007F2B9FC,0007F2E37E,0007F2ED4
0007CA3A72,0,21,5,2,7,11,5,4,13,3
0007CB0B74,21,0,31,14,14,24,14,11,29,15
0007CB0DBC,5,31,0,7,9,13,16,8,18,15
0007CB2407,2,14,7,0,0,2,10,6,6,10
0007F2B3FF,7,14,9,0,0,19,25,4,39,5
0007F2B59E,11,24,13,2,19,0,28,18,44,19
0007F2B8A2,5,14,16,10,25,28,0,23,30,7
0007F2B9FC,4,11,8,6,4,18,23,0,29,26
0007F2E37E,13,29,18,6,39,44,30,29,0,20
0007F2ED4,3,15,15,10,5,19,7,26,20,0
