ID,0007CA3A72,0007CB0B74,0007CB0DBC,0007CB2407,0007F2B3FF,0007F2B59E,0007F2B8A2,0007F2B9FC,0007F2E37E,0007F2ED4
0007CA3A72,0,33,8,5,0,35,6,3,9,13
0007CB0B74,33,0,0,0,0,7,3,1,13,7
0007CB0DBC,8,0,0,9,6,20,26,17,59,9
0007CB2407,5,0,9,0,15,15,9,10,19,27
0007F2B3FF,0,0,6,15,0,10,10,6,23,4
0007F2B59E,35,7,20,15,10,0,26,7,41,20
0007F2B8A2,6,3,26,9,10,26,0,17,45,15
0007F2B9FC,3,1,17,10,6,7,17,0,13,29
0007F2E37E,9,13,59,19,23,41,45,13,0,17
0007F2ED4,13,7,9,27,4,20,15,29,17,0
