ID,0007CA3A72,0007CB0B74,0007CB0DBC,0007CB2407,0007F2B3FF,0007F2B59E,0007F2B8A2,0007F2B9FC,0007F2E37E,0007F2ED4
0007CA3A72,0,0,12,12,8,5,8,1,4,9
0007CB0B74,0,0,12,6,11,22,8,2,10,3
0007CB0DBC,12,12,0,14,20,28,22,0,31,11
0007CB2407,12,6,14,0,15,20,13,3,21,18
0007F2B3FF,8,11,20,15,0,36,7,8,110,11
0007F2B59E,5,22,28,20,36,0,26,17,40,38
0007F2B8A2,8,8,22,13,7,26,0,7,9,4
0007F2B9FC,1,2,0,3,8,17,7,0,9,0
0007F2E37E,4,10,31,21,110,40,9,9,0,13
0007F2ED4,9,3,11,18,11,38,4,0,13,0
