ID,0007CA3A72,0007CB0B74,0007CB0DBC,0007CB2407,0007F2B3FF,0007F2B59E,0007F2B8A2,0007F2B9FC,0007F2E37E,0007F2ED4
0007CA3A72,0,23,12,7,6,22,11,6,14,5
0007CB0B74,23,0,17,1,9,12,9,10,20,5
0007CB0DBC,12,17,0,13,12,22,19,10,66,25
0007CB2407,7,1,13,0,8,8,6,7,10,6
0007F2B3FF,6,9,12,8,0,19,11,14,50,8
0007F2B59E,22,12,22,8,19,0,42,21,50,20
0007F2B8A2,11,9,19,6,11,42,0,34,38,32
0007F2B9FC,6,10,10,7,14,21,34,0,25,29
0007F2E37E,14,20,66,10,50,50,38,25,0,47
0007F2ED4,5,5,25,6,8,20,32,29,47,0
