ID,0007CA3A72,0007CB0B74,0007CB0DBC,0007CB2407,0007F2B3FF,0007F2B59E,0007F2B8A2,0007F2B9FC,0007F2E37E,0007F2E3D4
0007CA3A72,0,7,11,8,4,14,22,6,3,25
0007CB0B74,7,0,37,14,0,35,6,0,0,0
0007CB0DBC,11,37,0,5,5,44,17,12,64,9
0007CB2407,8,14,5,0,2,6,15,0,5,8
0007F2B3FF,4,0,5,2,0,12,3,11,6,4
0007F2B59E,14,35,44,6,12,0,39,15,8,7
0007F2B8A2,22,6,17,15,3,39,0,6,7,32
0007F2B9FC,6,0,12,0,11,15,6,0,5,40
0007F2E37E,3,0,64,5,6,8,7,5,0,3
0007F2E3D4,25,0,9,8,4,7,32,40,3,0
