ID,0007CA3A72,0007CB0B74,0007CB0DBC,0007CB2407,0007F2B3FF,0007F2B59E,0007F2B8A2,0007F2B9FC,0007F2E37E,0007F2E3D4
0007CA3A72,0,3,10,6,6,11,2,11,2,6
0007CB0B74,3,0,37,5,12,3,3,5,7,7
0007CB0DBC,10,37,0,13,8,51,9,20,38,15
0007CB2407,6,5,13,0,0,11,9,0,7,6
0007F2B3FF,6,12,8,0,0,29,0,20,12,2
0007F2B59E,11,3,51,11,29,0,0,40,6,16
0007F2B8A2,2,3,9,9,0,0,0,7,0,19
0007F2B9FC,11,5,20,0,20,40,7,0,7,35
0007F2E37E,2,7,38,7,12,6,0,7,0,18
0007F2E3D4,6,7,15,6,2,16,19,35,18,0
