ID,0007CA3B1C,0007CB1E1F,0007CB2183,0007CB2277,0007CB3D9B,0007CB3F5E,0007CB6BC3,0007F2945F,0007F2B8A6,0007F2E455
0007CA3B1C,0,38,10,39,5,18,43,20,6,7
0007CB1E1F,38,0,2,13,1,0,6,6,3,3
0007CB2183,10,2,0,6,19,0,7,4,1,2
0007CB2277,39,13,6,0,39,85,19,5,9,5
0007CB3D9B,5,1,19,39,0,12,63,15,1,12
0007CB3F5E,18,0,0,85,12,0,35,10,6,13
0007CB6BC3,43,6,7,19,63,35,0,3,15,7
0007F2945F,20,6,4,5,15,10,3,0,3,16
0007F2B8A6,6,3,1,9,1,6,15,3,0,25
0007F2E455,7,3,2,5,12,13,7,16,25,0
