ID,0007CA3B1C,0007CB1E1F,0007CB2183,0007CB2277,0007CB3D9B,0007CB3F5E,0007CB6BC3,0007F2945F,0007F2B8A6,0007F2E455
0007CA3B1C,0,5,0,4,0,8,3,3,1,6
0007CB1E1F,5,0,34,18,11,6,18,10,21,15
0007CB2183,0,34,0,10,28,7,4,8,17,19
0007CB2277,4,18,10,0,35,23,6,6,10,18
0007CB3D9B,0,11,28,35,0,15,18,2,3,18
0007CB3F5E,8,6,7,23,15,0,20,12,6,15
0007CB6BC3,3,18,4,6,18,20,0,5,3,11
0007F2945F,3,10,8,6,2,12,5,0,12,7
0007F2B8A6,1,21,17,10,3,6,3,12,0,33
0007F2E455,6,15,19,18,18,15,11,7,33,0
